p_x,p_z,p_y,basal_vec_x,basal_vec_z,basal_vec_y,pca1_x,pca1_z,pca1_y,pca2_x,pca2_z,pca2_y,pca3_x,pca3_z,pca3_y,cpl_x,cpl_z,cpl_y,ori_x,ori_z,ori_y,file,pca1_x2,pca1_y2,pca1_z2,pca2_x2,pca2_y2,pca2_z2,pca3_x2,pca3_y2,pca3_z2
0.2409558953294769,0.9591295708629344,0.1483601118975497,0.8002575232455019,0.5563418820144143,0.2237668581484639,0.9558496320679136,0.2713034055491082,-0.112897931837081,0.2715967976953496,-0.6689619956588352,0.6918995793074166,-0.1121902863766086,0.6920146750623174,0.7131122135688953,0.0110627673566341,0.0452840477228164,-0.0131747722625732,0.0350158300985509,0.0580994667968924,-0.0099212794864381,20240910_1100_h_lamina001.txt,0.9558496320679137,-0.11289793183708101,0.27130340554910826,0.2715967976953496,0.6918995793074165,-0.6689619956588351,-0.1121902863766086,0.7131122135688953,0.6920146750623174
-0.3667149939190974,0.913762186494199,0.1748106969503214,-0.8296676986471729,0.5324988419748983,0.1676200856606878,-0.9176286052358862,0.3819980423604866,0.1097052345405555,0.0306847432034291,0.3433006017015391,-0.9387242105144092,0.3962526837604788,0.8580339110455467,0.326743964150068,-0.0194548107683658,-0.0274698585271835,-0.0309970378875732,-0.0390407415672206,-0.0143276728918318,-0.0278562715094902,20240910_1100_h_lamina002.txt,-0.9176286052358862,0.1097052345405555,0.3819980423604866,0.030684743203429163,-0.9387242105144094,0.3433006017015392,0.3962526837604788,0.326743964150068,0.8580339110455467
0.4522070028377796,0.8764378318834304,0.1654253711736631,0.7869383402197987,0.6157618911737441,0.0395644040804648,0.8705204996594987,0.4918245389146077,0.0173977755477648,0.05803882022002,-0.1377044073093433,0.9887714556736812,-0.4886978156489396,0.8597360752748578,0.1484194254501038,0.0164338611066341,-0.0357706397771835,-0.0302646160125732,0.0354965211407839,-0.0194056193113429,-0.028449341638219,20240910_1100_h_lamina003.txt,0.8705204996594987,0.0173977755477648,0.4918245389146077,0.05803882022002011,0.9887714556736814,-0.1377044073093433,-0.48869781564893966,0.14841942545010384,0.859736075274858
0.2486221953287539,0.7838538827536917,0.5689992042893142,-0.457028769233934,0.3861463134040692,0.8012588400367026,-0.4551611690827202,0.2899396152291408,0.8418808286687787,0.8894317061970544,0.1923376486614869,0.4146293150740396,-0.0417079149640477,0.9375186656425292,-0.3454261156907559,0.0030061267316341,-0.0308878272771835,-0.0161044597625732,0.0026361655364948,-0.023906061257626,-0.0036292934300563,20240910_1100_h_lamina004.txt,-0.4551611690827202,0.8418808286687787,0.2899396152291408,-0.8894317061970546,-0.4146293150740398,-0.19233764866148684,-0.0417079149640477,-0.3454261156907559,0.9375186656425292
-0.3584774937025611,0.8803227709957794,0.310685862850312,-0.4811349627610483,0.3852357027981476,0.7874659363417201,-0.5209554215545008,0.2331144509585037,0.8211352516530318,-0.8282530336677107,0.0945644883136394,-0.5523173632706234,0.2064033938025403,0.9678404880476406,-0.1438138683246456,-0.0201872326433658,-0.0489542335271835,-0.0261142253875732,-0.0329934271636199,-0.037818492172295,-0.006104255291358,20240910_1100_h_lamina005.txt,-0.5209554215545008,0.8211352516530318,0.2331144509585037,-0.8282530336677107,-0.5523173632706234,0.09456448831363953,0.2064033938025403,-0.1438138683246456,0.9678404880476406
0.0243873961785939,0.9993429111818768,-0.026814189865814,-0.3729791613823742,0.9277892733978712,0.0096751921092504,-0.4164957958477846,0.8789150806615872,-0.2324640467400416,0.900884295109995,0.3646189831461438,-0.2355004967163331,0.122224133726888,0.307508175688237,0.9436630664700216,-0.0045622326433658,-0.0167276710271835,-0.0378329753875732,-0.0131519580869086,0.0041737742619585,-0.0374616155628113,20240910_1100_h_lamina006.txt,-0.4164957958477846,-0.2324640467400416,0.8789150806615872,0.900884295109995,-0.23550049671633305,0.36461898314614416,0.122224133726888,0.9436630664700216,0.307508175688237
0.0131797209833266,0.8442878539487364,0.5357278363399076,0.0427890314225007,0.270971596067812,0.96163584215356,-0.0729469574680816,0.0517984977680719,0.9959897876108574,-0.8864732331579834,0.4542293226618191,-0.0885490221776425,0.4569944729322027,0.8893776689703626,-0.0127833347082221,-0.0030973888933658,0.0167195945978164,-0.0029208660125732,-0.0027560888496783,0.0236094178155137,0.0172691623747197,20240910_1100_h_lamina007.txt,-0.07294695746808161,0.9959897876108575,0.051798497768071904,-0.8864732331579834,-0.08854902217764252,0.45422932266181937,0.4569944729322027,-0.0127833347082221,0.8893776689703626
-0.5057075982737947,0.8554323502578914,-0.1117824636533408,-0.960837648283054,0.2627402723248245,-0.0880827051160857,-0.9932046310479942,0.0027887308390205,-0.1163476851730427,0.116100955369612,0.0930653810716473,-0.9888677378741064,-0.0080702557011113,0.9956560941541496,0.0927567417852855,0.0087000131607055,0.0418353825807571,-0.018317312002182,-0.0183104724365782,0.0506209402919375,-0.0218481296270149,20240910_1530_j_lamina001.txt,-0.9932046310479942,-0.1163476851730427,0.0027887308390205,0.11610095536961204,-0.9888677378741066,0.09306538107164739,-0.0080702557011113,0.0927567417852855,0.9956560941541496
0.2218820536006214,0.9380747015293316,-0.2660530184768184,0.0961674503668828,0.7972258411998207,-0.5959721298963329,0.3299758055837306,0.6178082375175561,-0.7137429154708432,0.6408663660867774,0.4085401705875732,0.6499117092613468,-0.693113460082905,0.6718689683797934,0.2611241482134035,0.0453211069107055,0.0196185857057571,-0.021979421377182,0.0504404312082508,0.0432357086659778,-0.0415599546813442,20240910_1530_j_lamina002.txt,0.3299758055837306,-0.7137429154708432,0.6178082375175561,0.6408663660867775,0.6499117092613468,0.40854017058757325,-0.693113460082905,0.2611241482134035,0.6718689683797934
-0.0186642205095277,0.7236517156023252,-0.6899129230407147,0.0176181681267116,-0.3033691811640566,-0.9527102078133248,-0.0104398649379365,-0.063298876324477,-0.9979400089565184,-0.9934622854815716,-0.1128040356863189,0.0175481297753386,0.1136824372795115,-0.9915989621762108,0.061707387444711,0.0399500131607055,-0.0299419611692428,-0.033454030752182,0.0376260507978306,-0.0296841834349604,-0.056481586696437,20240910_1530_j_lamina003.txt,-0.010439864937936501,-0.9979400089565186,-0.06329887632447702,-0.9934622854815717,0.01754812977533856,-0.11280403568631886,0.1136824372795115,0.061707387444711,-0.9915989621762108
0.0653807686971015,0.9394448158220576,-0.3364056972015129,0.3796006282227958,0.9195089815715412,-0.1020127240207112,0.48886196174638,0.8439263211604866,-0.2209125320347588,0.6590753257331804,-0.1913956301807728,0.7273152189782688,-0.5715187637927411,0.5011547437670647,0.6497770582535095,0.0521570444107055,0.0193744450807571,0.0129326879978179,0.0587960549282262,0.0382892981699442,0.0111181648061073,20240910_1530_j_lamina004.txt,0.48886196174638,-0.2209125320347588,0.8439263211604866,0.6590753257331805,0.7273152189782688,-0.19139563018077282,-0.5715187637927411,0.6497770582535095,0.5011547437670647
0.1086252692022742,0.9699502020645384,-0.2177088799422161,0.1318648052961853,0.5505771083343854,-0.8243036581881373,0.3568206326184849,0.3826569294887823,-0.8522046177133527,-0.5506254259062546,-0.6507896948403978,-0.5227661173365176,-0.7546460604040146,0.6557792672872172,-0.0215145558388011,0.0343347787857055,0.0420795232057571,0.0236748754978179,0.0374872085423418,0.0559277997796643,0.0026512995089922,20240910_1530_j_lamina005.txt,0.3568206326184849,-0.8522046177133527,0.3826569294887823,0.550625425906255,0.5227661173365177,0.6507896948403977,-0.7546460604040146,-0.0215145558388011,0.6557792672872172
-0.5646740294918461,0.8244602323685173,0.0375308627704223,-0.8889388409459017,0.4549284028052576,-0.0531778654969742,-0.9367052708357736,0.3500009290786575,0.0090876417488971,-0.1739739569180196,-0.4427670026134677,-0.8795967506255197,0.3038359720355158,0.825503925515053,-0.475633231656989,0.0130945444107055,0.0113178044557571,0.0305108129978179,-0.0108851143035384,0.025174673007995,0.0300862465153141,20240910_1530_j_lamina006.txt,-0.9367052708357738,0.009087641748897101,0.35000092907865754,-0.17397395691801953,-0.8795967506255198,-0.4427670026134675,0.3038359720355158,-0.475633231656989,0.825503925515053
-0.6912233100480845,0.6178032241398597,0.3748726608977558,-0.8059143957305253,0.5214677131305565,0.2803094913068237,-0.8577929961663486,0.3661709569661892,0.3607076461657336,-0.4704524379936146,-0.2766465274148475,-0.8379386627045983,0.2070402842777778,0.8884737076266082,-0.4095714730573964,-0.0025304555892944,-0.0221294611692428,0.0339287817478179,-0.0342932762578283,-0.0019223096172867,0.0452922376759879,20240910_1530_j_lamina007.txt,-0.8577929961663486,0.3607076461657336,0.3661709569661892,-0.4704524379936146,-0.8379386627045984,-0.2766465274148474,0.2070402842777778,-0.4095714730573964,0.8884737076266082
0.0759152213663493,0.9475921798878696,0.310331983173268,-0.4888612785143678,0.375646713465847,0.7873399501051662,-0.4934749765214343,0.1355271658893489,0.8591360979805067,-0.8686570343509529,-0.1265265911000939,-0.4789843195942818,-0.0437881744284586,0.9826613908415202,-0.1801643325678875,0.0111668035387992,0.0165178328752517,-0.0010035932064056,-0.0014981230469292,0.02669393224658,0.0194895812551544,20240911_1150_i_lamina001.txt,-0.4934749765214343,0.8591360979805067,0.1355271658893489,-0.8686570343509532,-0.47898431959428167,-0.1265265911000939,-0.0437881744284586,-0.1801643325678875,0.9826613908415202
0.3509137524759783,0.8773143822515629,0.327382059706677,0.4811669983766576,0.0547080488785332,0.8749201958242258,0.4666420522956829,-0.2305001135280698,0.8538822475568982,-0.8764367407916519,0.0091227561548584,0.4814305917893522,0.1187595655927556,0.9730295334591268,0.1977617065979511,0.0204441472887992,0.0033342391252517,0.0014378130435943,0.0332592797001124,0.0054540023423811,0.0243709378454539,20240911_1150_i_lamina002.txt,0.4666420522956829,0.8538822475568982,-0.2305001135280698,-0.8764367407916519,0.48143059178935216,0.009122756154858441,0.1187595655927556,0.1977617065979511,0.9730295334591268
-0.2132384033897788,0.9730008887951268,-0.0883099865455257,-0.8008170001437759,0.4539465204302942,-0.3906720989141047,-0.8865587484584835,0.1639067442510445,-0.4326062467426358,0.4385789738472536,0.0002805846697636,-0.8986926087218772,0.1471803968972007,0.986475798213654,0.0721348064939295,-0.0027492120862007,-0.0030134171247482,-0.0151637494564056,-0.0280962454057639,0.0087542750933213,-0.0258438119707662,20240911_1150_i_lamina003.txt,-0.8865587484584835,-0.4326062467426358,0.1639067442510445,0.43857897384725375,-0.8986926087218773,0.00028058466976355056,0.1471803968972007,0.0721348064939295,0.986475798213654
-0.4984688186034744,0.7034683527464063,0.506617324579721,-0.4952264921268518,0.8613647138310008,-0.1131439404589183,-0.6099281336209853,0.7920548597703644,0.0252343205133419,-0.5807426690950424,-0.4250858728014552,-0.6942909714500046,0.5391897848716979,0.43812224305412,-0.7192518863591799,-0.011535108089447,-0.0385051518678665,0.0456676334142684,-0.0344127653767038,-0.003603171632895,0.0427583182294323,20240924_1750_j_lamina001.txt,-0.6099281336209853,0.0252343205133419,0.7920548597703644,-0.5807426690950424,-0.6942909714500047,-0.4250858728014554,0.5391897848716979,-0.7192518863591799,0.43812224305412
0.2491387252277249,0.9187902147271086,-0.3061934632117699,0.3821521439814145,0.8661928665999026,-0.3219777270275874,0.5002869211618224,0.6798193256288992,-0.5362449822757258,-0.8081381325833047,0.1442705886792499,-0.5710505721097842,-0.3108468355624576,0.7190491511319734,0.6215646089323258,0.0346074700355529,0.0227741450071334,0.0229625552892684,0.0455882222730447,0.0443055455488492,0.0148138572827207,20240924_1750_j_lamina002.txt,0.5002869211618224,-0.5362449822757258,0.6798193256288992,0.808138132583305,0.5710505721097842,-0.14427058867924988,-0.3108468355624576,0.6215646089323258,0.7190491511319734
-0.0335069969345723,0.9963589552551833,0.0783971519841518,0.2806675556555543,0.8601630180900062,0.4258465750861781,0.0627930873869293,0.8218804384170434,0.5661886374026119,-0.5275714848330912,0.50890120936888,-0.6802116490430747,0.8471867306370096,0.2559923906101516,-0.4655561613621656,0.0253301262855529,0.0300983637571334,0.0361461490392684,0.0317372164412897,0.0493525165214452,0.0442156301699078,20240924_1750_j_lamina003.txt,0.06279308738692929,0.5661886374026118,0.8218804384170432,-0.5275714848330912,-0.6802116490430747,0.5089012093688797,0.8471867306370096,-0.4655561613621656,0.2559923906101516
-0.3120520822217186,0.9377558832141588,0.1524381890417313,-0.3576110677195577,0.9215930607452112,0.1509322849186068,-0.5077248031848285,0.8117235121753307,0.2886528434169199,-0.6242016567276742,-0.1156727370630174,-0.7726526448791702,0.5937910541338208,0.5724724951315092,-0.5654090787638189,0.0140996575355529,-0.0028606206178665,0.0378551334142684,0.0033415509917961,0.0227210174845645,0.0435999698461415,20240924_1750_j_lamina004.txt,-0.5077248031848286,0.28865284341691994,0.8117235121753308,-0.6242016567276742,-0.7726526448791702,-0.11567273706301756,0.5937910541338208,-0.5654090787638189,0.5724724951315092
0.2079304245751785,0.926567655961142,-0.3134283290684819,0.0311033977690954,0.6451660785459404,-0.763409005540851,0.1672037152156701,0.5051382309220787,-0.8466866511756224,0.7609421470063575,0.4799399485882543,0.4366058802380689,-0.6269050697892241,0.7172816834480141,0.3041332274884658,0.0199590325355529,0.0015339106321334,-0.0163440853357315,0.020799321689668,0.0215513023870346,-0.0384725718504432,20240924_1750_j_lamina005.txt,0.1672037152156701,-0.8466866511756224,0.5051382309220787,0.7609421470063576,0.43660588023806907,0.479939948588254,-0.6269050697892241,0.3041332274884658,0.7172816834480141
0.0738657674141402,0.9326547241882356,-0.353127475359375,0.4942638649338182,0.7272159907072424,-0.4762983672871116,0.556322052266186,0.6264757627994038,-0.5459248050668188,-0.7200186523983977,0.0354520664837433,-0.6930485489346526,-0.4148239558665029,0.7786342335184969,0.4707970008743986,0.0360723137855529,-0.0006633549928665,0.0105113834142684,0.0436465826826748,0.0144024002571151,0.0017275947067785,20240924_1750_j_lamina006.txt,0.556322052266186,-0.5459248050668188,0.6264757627994038,0.7200186523983978,0.6930485489346525,-0.03545206648374355,-0.4148239558665029,0.4707970008743986,0.7786342335184969
-0.2052916245327913,0.7249851565865268,-0.6574586463237795,-0.0347765243520169,0.2817861070128653,-0.9588467986328824,0.0423713886103854,0.7176243986598587,-0.6951401929649185,-0.98871777302973,0.1301700197671765,0.0741143120385277,0.1436726512679397,0.6841571372147552,0.7150434818077511,0.0079961419105529,-0.0465617924928665,-0.0278186947107315,0.0057843261491025,-0.03375369881953,-0.0443805381090013,20240924_1750_j_lamina007.txt,0.0423713886103854,-0.6951401929649185,0.7176243986598587,0.9887177730297303,-0.07411431203852767,-0.13017001976717632,0.1436726512679397,0.7150434818077511,0.6841571372147552
-0.0138558340059124,0.7603222664442646,0.6493982345318298,-0.0949136588948703,-0.1950106129980101,0.9761978581073248,-0.0029688905429795,-0.5998007473644041,0.8001438927780716,-0.9776984231538232,-0.1662848984541215,-0.1282775346996893,-0.2099928071422241,0.7826802642249293,0.5859305632422017,0.0403814315795898,0.0408260226249694,0.0339698195457458,0.0355264130368941,0.0294981346387382,0.0656077098380882,20241007_1335_e_lamina001.txt,-0.0029688905429795,0.8001438927780716,-0.5998007473644041,-0.9776984231538235,-0.12827753469968928,-0.16628489845412162,-0.2099928071422241,0.5859305632422017,0.7826802642249293
-0.3800478883334486,0.5408342050917975,0.7503745499255755,-0.4248350641558127,-0.5301009248637858,0.7338311643166197,-0.3239289427057086,-0.6764973957928231,0.6613783437360875,0.7631016393784688,0.2263993948985952,0.6053256990806218,-0.5592369158553959,0.7007814120502045,0.442898955146054,-0.0274896621704101,0.0073787569999694,0.0188331007957458,-0.0373640699904877,-0.0062270245251442,0.0415478462545634,20241007_1335_e_lamina002.txt,-0.3239289427057086,0.6613783437360875,-0.6764973957928231,-0.7631016393784689,-0.6053256990806217,-0.22639939489859517,-0.5592369158553959,0.442898955146054,0.7007814120502045
-0.871088375586642,0.4813169049035193,-0.097668208604038,-0.8866371379149188,-0.2811374518394955,0.367200652019079,-0.8703380321329311,-0.3649167167878636,0.3306773346205378,-0.4424578396480402,0.2846555937812209,-0.8504129897073832,-0.216200763081369,0.8864575470589817,0.4092068514885926,-0.0382318496704101,-0.0206974148750305,-0.0192528367042541,-0.0647881821291212,-0.0264771396702398,-0.0123582145196233,20241007_1335_e_lamina003.txt,-0.8703380321329311,0.3306773346205378,-0.3649167167878636,-0.4424578396480401,-0.8504129897073833,0.2846555937812208,-0.216200763081369,0.4092068514885926,0.8864575470589817
-0.4992861206910242,0.5315702019745714,-0.684212313582576,-0.8707467943102378,0.0657209372575986,-0.4873199961056669,-0.8067923543208878,-0.0717354466729202,-0.5864640847485852,0.4074300262510744,0.651300108379618,-0.6401632155425261,-0.4278865161680232,0.7554218652616128,0.4962367728879609,-0.0299310684204101,-0.0004337430000305,-0.0497704148292541,-0.0557396386237743,0.0026154455041456,-0.0672646973775317,20241007_1335_e_lamina004.txt,-0.8067923543208878,-0.5864640847485852,-0.0717354466729202,0.4074300262510745,-0.640163215542526,0.6513001083796182,-0.4278865161680232,0.4962367728879609,0.7554218652616128
-0.137948889589436,0.9119514672621576,-0.3864125065515342,-0.9006004760600264,0.072161489560263,-0.4286157975913837,-0.7747461790483677,-0.1686554832540644,-0.6093633448266254,0.3610900240077372,0.6731153389805962,-0.6453911488323409,-0.5190205705095383,0.7200493513623736,0.4605937244368169,0.0315923690795898,0.0432674288749694,-0.0317040085792541,0.0043556960021161,0.0468871458899072,-0.0535908038704516,20241007_1335_e_lamina005.txt,-0.7747461790483677,-0.6093633448266254,-0.1686554832540644,0.36109002400773726,-0.6453911488323409,0.6731153389805964,-0.5190205705095383,0.4605937244368169,0.7200493513623736
0.183252409018326,0.9564915354865496,-0.2270297274181574,0.4978926447770801,0.7150398916705034,-0.4907350278884921,0.5394842622469374,0.5471305320399024,-0.6400038372522554,0.8332276938903233,-0.2374994706771998,0.4993251561480389,-0.1211954657653965,0.8026469848805161,0.5840115381909207,0.0521001815795898,0.0310603976249694,-0.0197411179542541,0.06429483533333,0.0520253536709567,-0.0363776075471257,20241007_1335_e_lamina006.txt,0.5394842622469374,-0.6400038372522554,0.5471305320399024,0.8332276938903235,0.4993251561480391,-0.2374994706771998,-0.1211954657653965,0.5840115381909207,0.8026469848805161
-0.4807677484676679,0.8320928405547752,0.2765571852814793,-0.6191140380588998,0.7384926486263672,0.2670700578560168,-0.747942449370654,0.4776401382800898,0.4609142986859957,-0.6182765267351262,-0.248699586510706,-0.7455753832831076,0.2414875336694954,0.8426199700773656,-0.4813266636173858,-0.0219470560550689,0.0314593166112899,0.0108885020017623,-0.0493935517678872,0.0567837296985164,0.0193241204233539,20241007_1345_g_lamina001.txt,-0.7479424493706541,0.46091429868599576,0.47764013828008983,-0.6182765267351261,-0.7455753832831077,-0.24869958651070623,0.2414875336694954,-0.4813266636173858,0.8426199700773656
0.3008496718114642,0.6723732828069113,0.6763162304265599,0.2562300692418449,0.4075046100083695,0.8765193348912766,0.2667265674191157,0.2083574477662908,0.9409803994734074,-0.9635152662911228,0.0351029827686024,0.2653415011352237,-0.0222546592147039,0.9774226079649808,-0.210118479868318,0.025172084569931,-0.04227115213871,0.0174802988767623,0.0346875073771624,-0.026061255280015,0.0593385172217361,20241007_1345_g_lamina002.txt,0.2667265674191157,0.9409803994734074,0.2083574477662908,-0.9635152662911228,0.26534150113522365,0.03510298276860241,-0.022254659214703904,-0.21011847986831803,0.9774226079649809
0.2731854967880265,0.8932323548692249,0.3570793253038575,0.4859258117183636,0.387319451007712,0.783492021897437,0.5352337670127663,0.1043732994386145,0.8382308924238125,-0.8397467827303645,-0.0416035229695484,0.5413820164823767,-0.0913791855037352,0.9936676311729288,-0.065379532086536,0.033961147069931,0.0151018947362899,-0.0035157948732376,0.0522555329954336,0.0287745428827614,0.0237373173237181,20241007_1345_g_lamina003.txt,0.5352337670127663,0.8382308924238125,0.1043732994386145,-0.8397467827303644,0.5413820164823767,-0.04160352296954838,-0.0913791855037352,-0.065379532086536,0.9936676311729288
0.4592666460252995,0.8064543751409782,-0.3724318577466846,0.7022182784458975,-0.1296085982970864,-0.7000650688785613,0.6188581558443356,-0.3344369877420634,-0.7107506483816692,0.6453782450140776,-0.2993159289185859,0.7027779845428807,0.4477739427518059,0.8936228935773854,-0.030604252431377,0.032984584569931,-0.02444888651371,-0.0347657948732376,0.0543160716363766,-0.0293805164471119,-0.0535605977198229,20241007_1345_g_lamina004.txt,0.6188581558443356,-0.7107506483816692,-0.3344369877420634,0.6453782450140775,0.7027779845428808,-0.29931592891858594,0.4477739427518059,-0.030604252431377,0.8936228935773854
-0.3192376381839014,0.8264812836058398,0.4636981973396142,-0.6758370944747036,0.6552368666271984,0.3375038819696178,-0.7433574084993663,0.3517720625569349,0.5689254601734276,-0.668187211325463,-0.3514170286854857,-0.6557681927106297,0.0307508349513831,0.867618860995025,-0.4962780452483147,-0.0085193216800689,-0.00857974588871,0.0157713145017623,-0.0267593532061398,0.0064545277556563,0.0290178741962646,20241007_1345_g_lamina005.txt,-0.7433574084993663,0.5689254601734276,0.3517720625569349,-0.6681872113254632,-0.6557681927106296,-0.3514170286854857,0.0307508349513831,-0.4962780452483147,0.867618860995025
-0.4196426814523495,0.8585446405943042,-0.2946202980282909,-0.7923497915433878,0.2663405758981956,-0.548857454601254,-0.7963602893746944,0.2271049897726237,-0.5605654405396657,0.5993582496368336,0.1720207192612522,-0.7817790997059928,0.0811170641685465,0.958557351317707,0.2731077189232447,-0.0225104540586471,-0.0517726242542266,-0.0247907638549804,-0.0586519206784937,-0.0337097080922517,-0.0439724881949129,20241007_1425_f_lamina001.txt,-0.7963602893746944,-0.5605654405396657,0.2271049897726237,0.5993582496368336,-0.7817790997059928,0.17202071926125223,0.0811170641685465,0.2731077189232447,0.958557351317707
-0.4684467885663892,0.8655936094357224,-0.1769330652701032,-0.5367991707312973,0.7106552205510219,-0.454770060366522,-0.5500616889267135,0.4932494568683024,-0.673896959240963,0.8340388857288207,0.3655837968987172,-0.4131919947643527,-0.0425590820779638,0.7893373554724509,0.6124828681591339,0.0375481396913528,-0.0315089523792266,-0.0355329513549804,0.0248688704423138,-0.0117985448857051,-0.0491135806802105,20241007_1425_f_lamina002.txt,-0.5500616889267135,-0.673896959240963,0.4932494568683024,0.8340388857288207,-0.4131919947643528,0.3655837968987171,-0.0425590820779638,0.6124828681591339,0.7893373554724509
-0.0833891608060044,0.9614627955000544,-0.2619838558562166,-0.3306318095681679,0.842986097905651,-0.42433129184575,-0.5494847864405147,0.5379370974059368,-0.6392887834968621,0.7354780363860521,-0.0515995227565744,-0.6755808961516088,0.3964070224707672,0.8414042836150584,0.3672877673570019,0.0568352490663528,0.0129246413707733,-0.0487165451049804,0.0413515045890138,0.04107045589264,-0.070691683325452,20241007_1425_f_lamina003.txt,-0.5494847864405147,-0.6392887834968621,0.5379370974059368,0.735478036386052,-0.6755808961516091,-0.051599522756574395,0.3964070224707672,0.3672877673570019,0.8414042836150584
0.1233721360819767,0.9898440745864014,-0.0706259445583615,0.4528473789585852,0.2671988736081803,-0.8506080256574465,0.252123084090004,-0.0506010554775427,-0.9663712969938124,0.781213793743145,-0.5787000900741144,0.2341179493623989,0.5710857719593333,0.8139691265230952,0.1063734089556303,0.0763664990663528,0.0468601882457733,-0.0323591232299804,0.0850425731168523,0.0527663557168737,-0.0569257746211944,20241007_1425_f_lamina004.txt,0.25212308409000406,-0.9663712969938125,-0.050601055477542706,0.7812137937431451,0.23411794936239905,-0.5787000900741144,0.5710857719593334,0.10637340895563031,0.8139691265230953
0.2159752182334211,0.9467497640783928,0.238787749531951,0.9169249053956432,0.0739497066338334,0.3921481336866981,0.9200164398115446,-0.0844923349055042,0.3826627703588459,-0.3881795669696899,-0.0626186395080607,0.9194539302071548,0.0537249873309886,0.9944545999332376,0.0904083757619256,-0.0146979540586471,0.0380711257457733,0.0726213455200195,0.0057089423734529,0.0405302150887491,0.0798989193364826,20241007_1425_f_lamina005.txt,0.9200164398115446,0.3826627703588459,-0.0844923349055042,-0.3881795669696897,0.919453930207155,-0.06261863950806112,0.0537249873309886,0.0904083757619256,0.9944545999332376
0.296717811303786,0.9227793283385024,0.2458390767275068,0.8992447109124261,0.2669382168788863,0.3465587082523652,0.9116357918830044,0.2095649098828496,0.3535572535016654,-0.3681307964161219,0.0338348466992788,0.9291581780724252,-0.1827563943830135,0.9772091647618892,-0.1079923544399831,-0.0085944384336471,0.0043797194957733,0.0665178298950195,0.0198828358606441,0.0144307794126013,0.0817008715710415,20241007_1425_f_lamina006.txt,0.9116357918830044,0.3535572535016654,0.2095649098828496,-0.36813079641612184,0.9291581780724252,0.03383484669927865,-0.18275639438301353,-0.10799235443998313,0.9772091647618895
0.2077211880832485,0.8096274018743144,0.5489584484781441,0.487727100620679,-0.4844301947730082,0.7262572971835335,0.2539334770529159,-0.7599303488958595,0.5983507784392308,-0.6965669612624962,0.2855182401765499,0.6582353705203163,0.6710530960433372,0.5839393798619026,0.4568397344114765,0.0761223584413528,0.0243992507457733,-0.0072126388549804,0.0837802110738765,0.0124295757516913,0.0134792666316036,20241007_1425_f_lamina007.txt,0.2539334770529159,0.5983507784392308,-0.7599303488958595,-0.6965669612624963,0.6582353705203163,0.2855182401765498,0.6710530960433372,0.4568397344114765,0.5839393798619026
-0.3291262445468331,0.8768587374593922,-0.3504207038569765,-0.1447515335013781,0.9768206172299054,-0.157697416921096,-0.2801545358806379,0.9031303420371456,-0.3253752008333958,0.7751639450666271,0.012898988389938,-0.6316284306198223,0.566245789648142,0.4291726941341731,0.7036877889485988,-0.0411252975463867,-0.035621702671051,-0.02734375,-0.0473468592955336,0.0041182373112922,-0.0327849219617568,20241008_1955_f_lamina001.txt,-0.28015453588063793,-0.32537520083339583,0.9031303420371457,0.775163945066627,-0.6316284306198223,0.012898988389937999,0.566245789648142,0.7036877889485988,0.4291726941341731
-0.0263986026818454,0.9606988363935872,-0.2763346875230348,-0.1047817003532097,0.9148341752585124,-0.3899990090374175,-0.3289609816476464,0.6274990850638816,-0.7057121019207538,0.8566803062861501,-0.1161416277098676,-0.502603198491982,0.3973455994155274,0.7699065011784834,0.4993600445252114,0.0379762649536132,0.0271224379539489,-0.033447265625,0.0339726951044819,0.0575727946019916,-0.0574797493036725,20241008_1955_f_lamina002.txt,-0.3289609816476464,-0.7057121019207538,0.6274990850638816,0.8566803062861503,-0.5026031984919819,-0.11614162770986775,0.39734559941552744,0.49936004452521143,0.7699065011784835
0.1426789018099298,0.9895868637382956,-0.0189886833381527,0.4847270818190157,0.4586756673083942,-0.7447525014193781,0.3169045159111122,0.0750937621986517,-0.9454800128368638,0.8363948882494283,-0.4921805935818564,0.2412506045829478,0.4472304984069958,0.8672480557373791,0.2187822915922724,0.0567750930786132,0.0622786879539489,-0.015625,0.0678826478406206,0.0718833760058429,-0.0380986326603713,20241008_1955_f_lamina003.txt,0.3169045159111122,-0.9454800128368638,0.0750937621986517,0.8363948882494285,0.2412506045829479,-0.49218059358185623,0.4472304984069958,0.2187822915922724,0.8672480557373791
0.1272310806581894,0.8425225163407145,0.5234195846292532,0.3072940321763439,0.9267064319864012,0.2162997149878792,0.2170229294383033,0.8221307263769265,0.5263099057066706,-0.9265489502207268,0.3431935004669399,-0.1540300752519376,0.3072589965206656,0.4542238324705074,-0.8362252203042659,0.0511598587036132,0.0407943129539489,0.00537109375,0.0555720214829596,0.0653807913980297,0.0121445420154246,20241008_1955_f_lamina004.txt,0.2170229294383033,0.5263099057066706,0.8221307263769265,-0.9265489502207269,-0.15403007525193768,0.3431935004669401,0.3072589965206656,-0.8362252203042659,0.4542238324705074
-0.392897524560758,0.8739459998729179,-0.2860942580691795,-0.4425933737291803,0.6874064068830338,-0.575832907454219,-0.4001885535855023,0.4626328963327044,-0.791087811061425,0.8942665448781364,0.3858455961040903,-0.2267388865607296,-0.2003408802288326,0.7981816705474342,0.5681281127626443,0.0201539993286132,-0.015846312046051,-0.025634765625,0.0125338707870241,0.0025692008012327,-0.0431136104252217,20241008_1955_f_lamina005.txt,-0.4001885535855023,-0.791087811061425,0.4626328963327044,0.8942665448781366,-0.22673888656072938,0.3858455961040901,-0.2003408802288326,0.5681281127626443,0.7981816705474342
0.180991641493014,0.9455247968037628,0.2706009688431794,0.2765292616983092,0.9088565574545536,0.3122680345415548,0.3224236925426209,0.8815482815865172,0.3448413979194498,-0.6098791540850109,-0.0851494632687333,0.7879067116845738,-0.7239408676817004,0.4643513714170609,-0.5101837158939528,-0.0535764694213867,0.0178450942039489,0.06396484375,-0.0423154082231841,0.050197105015054,0.072841425992887,20241008_1955_f_lamina006.txt,0.3224236925426209,0.3448413979194498,0.8815482815865172,-0.6098791540850109,0.787906711684574,-0.08514946326873332,-0.7239408676817004,-0.5101837158939528,0.4643513714170609
0.6439273840665485,0.6459158599964951,0.4100612464671583,0.3702064619810824,0.9221498011780326,-0.1121914421636713,0.4868971460984867,0.8722264014939218,0.0463926034849593,-0.6959818820493574,0.3553245304903866,0.6239821294643146,-0.5277692573276539,0.336103529539263,-0.7800602723194322,0.0464656203985214,-0.0162357091903686,0.0404924750328063,0.0576805599476197,0.0123992206169553,0.0392677810936119,20241008_2000_e_lamina001.txt,0.4868971460984868,0.046392603484959306,0.8722264014939219,-0.6959818820493574,0.6239821294643149,0.3553245304903867,-0.5277692573276539,-0.7800602723194322,0.336103529539263
-0.2434485289453348,0.6447110948246549,-0.7246243288520938,-0.2474073966134559,0.5585657602190954,-0.7917031461424265,-0.3600996362610708,0.1341478088752853,-0.9232186183881932,0.917703964791208,-0.1270322541439016,-0.3764070129708224,0.1677727181967976,0.9827854149208154,0.0773637075622594,-0.0485050827264785,0.0106197595596313,-0.0256696343421936,-0.0582763887475527,0.0268559354118379,-0.0544761364619451,20241008_2000_e_lamina002.txt,-0.36009963626107083,-0.9232186183881933,0.13414780887528532,0.917703964791208,-0.3764070129708223,-0.1270322541439017,0.1677727181967976,0.0773637075622594,0.9827854149208154
0.0577854801481926,0.5354623711643333,-0.8425798996837705,-0.0681039058483659,0.8968030988345096,-0.4371567910132677,-0.1438828701131014,0.752059298386646,-0.6431986717944949,0.9515882198815409,-0.0732524121653706,-0.2985195871205694,0.271620285455076,0.6550121341029802,0.7051110016920475,0.0183894485235214,-0.0120853185653686,-0.0176129937171936,0.014858712090464,0.0126977318755175,-0.0335462671228825,20241008_2000_e_lamina003.txt,-0.1438828701131014,-0.6431986717944949,0.752059298386646,0.9515882198815409,-0.2985195871205694,-0.07325241216537072,0.271620285455076,0.7051110016920475,0.6550121341029802
0.1676905531470083,0.8398094958800181,-0.516333118262813,0.5854937022292198,-0.2439985931502616,-0.7730859015598557,0.5973525922373357,-0.4900939395502901,-0.6348053331245823,0.8008335813107984,0.3222394031432283,0.5048042611813186,0.0428422174059223,0.8099195623504674,-0.584974227577396,-0.0299503952264785,0.0050045251846313,0.0099748969078063,-0.016177574108185,-0.0009714931472278,-0.0091738517649894,20241008_2000_e_lamina004.txt,0.5973525922373357,-0.6348053331245823,-0.4900939395502901,0.8008335813107983,0.5048042611813186,0.32223940314322835,0.0428422174059223,-0.584974227577396,0.8099195623504674
-0.0322986361231235,0.99624365225288,-0.0803454009289189,-0.4440962309999764,0.8511349654634964,0.2799067847999908,-0.5117720685792732,0.7801254000847568,0.3598523446702688,0.6961709390765817,0.1311298592244358,0.7057981181648264,0.5034236520142081,0.6117265076505822,-0.6102092316822975,-0.0045597702264785,-0.0462650060653686,0.0258440375328063,-0.0077325493119374,-0.0322584638682182,0.0313308290591049,20241008_2000_e_lamina005.txt,-0.5117720685792732,0.3598523446702688,0.7801254000847568,-0.6961709390765816,-0.7057981181648265,-0.131129859224436,0.5034236520142081,-0.6102092316822975,0.6117265076505822
-0.1610566841634042,0.9750972486718053,0.1524667180697657,0.0929706763657318,0.9242959042453603,0.370180408356993,-0.0232088612471711,0.7522232117605829,0.6584994976825745,-0.944361302752452,0.1996677919416738,-0.2613704320018399,0.328090046516656,0.6279275535837953,-0.7057364301401541,-0.0397160202264785,0.0115963220596313,0.0309709906578063,-0.0364761316223839,0.0357769013699394,0.0441341633860095,20241008_2000_e_lamina006.txt,-0.0232088612471711,0.6584994976825745,0.7522232117605829,-0.944361302752452,-0.26137043200183996,0.19966779194167383,0.328090046516656,-0.7057364301401541,0.6279275535837953
0.195911554492111,0.9746326730080168,0.1082119010170896,0.3996270280272628,0.8481719217102969,-0.3477105544736304,0.5959567338640718,0.7992678966489964,-0.0775009725639436,-0.637708516161158,0.5297181885098515,0.559219535761561,-0.488019896907495,0.2838476178306431,-0.8253890658800049,-0.0167668014764785,0.0240474939346313,0.0343889594078063,-0.0021396074505606,0.056546380618719,0.0286008375001268,20241008_2000_e_lamina007.txt,0.5959567338640718,-0.0775009725639436,0.7992678966489964,-0.6377085161611581,0.5592195357615609,0.5297181885098512,-0.488019896907495,-0.8253890658800049,0.2838476178306431
-0.4026575628508958,0.856817517842887,-0.3220723958934247,-0.5805879678586174,0.747155818739016,-0.3235363876015055,-0.6651852093842814,0.5951992068363758,-0.4508509081700277,0.6733510901554122,0.2172226739881569,-0.7066913182514364,0.3226870722587253,0.7736615630149813,0.5452713446627359,-0.0218447148799896,-0.0568269863724708,-0.0316290855407714,-0.0513817321257765,-0.0238136931925931,-0.0424157746935195,20241009_1710_f_lamina001.txt,-0.6651852093842815,-0.45085090817002776,0.595199206836376,0.6733510901554122,-0.7066913182514365,0.21722267398815703,0.32268707225872534,0.545271344662736,0.7736615630149815
-0.0886659916374401,0.942427553819444,-0.3224416966349863,-0.5274885703122917,0.7975572035438522,-0.2926744185356913,-0.6563727729364582,0.569607676132262,-0.4946937216489703,0.6985028923559009,0.2110551969946902,-0.6837758501087716,0.2850762921011595,0.794356846204989,0.5364034941805635,0.0479795038700103,0.0086027011275291,-0.0531134605407714,0.0316590765643817,0.0385610624378506,-0.0720082515249968,20241009_1710_f_lamina002.txt,-0.6563727729364582,-0.4946937216489703,0.569607676132262,0.6985028923559009,-0.6837758501087717,0.21105519699469028,0.2850762921011595,0.5364034941805635,0.794356846204989
0.2550617180738263,0.8194466007525703,0.5132745741689193,0.1984623737765576,-0.3117519292997398,0.9292058010865322,0.129308952357694,-0.5484326643109521,0.8261360708484689,-0.951681428520969,0.1653823663403342,0.2587491671715277,0.2785348334561465,0.8196769397881476,0.5005477608891028,0.0726377069950103,0.0242277011275291,-0.0108771324157714,0.0759731414965048,0.0184559221344425,0.0123912798985423,20241009_1710_f_lamina003.txt,0.129308952357694,0.8261360708484689,-0.5484326643109521,-0.9516814285209693,0.25874916717152774,0.1653823663403341,0.2785348334561465,0.5005477608891028,0.8196769397881476
0.1377761223168601,0.9897034554703952,-0.0387918850958426,0.1558377984973761,0.9430116181740008,-0.2940130414596327,0.0376404348763464,0.7411830213689771,-0.6702469145745277,0.95863104852405,-0.2161620396304442,-0.1852039023036148,0.2821519279891601,0.6355483470650842,0.7186574900986138,0.0704404413700103,0.0447355136275291,-0.0345587730407714,0.0751689773444051,0.0713054884679426,-0.0464200620193093,20241009_1710_f_lamina004.txt,0.0376404348763464,-0.6702469145745277,0.7411830213689771,0.9586310485240501,-0.18520390230361483,-0.2161620396304443,0.2821519279891601,0.7186574900986138,0.6355483470650842
-0.4565795487597568,0.8459356181816752,-0.2755504410192876,-0.5367163950688189,0.6685125646005895,-0.5148072088029405,-0.5333737180340563,0.4591564322186966,-0.7104138566094587,0.8411846281700456,0.3762816320303405,-0.3883562214346586,-0.0889994283181034,0.8047282175671366,0.5869340658117145,0.0335752069950103,-0.0311922207474708,-0.0426154136657714,0.0241953657835159,-0.014770814847693,-0.0568674505928519,20241009_1710_f_lamina005.txt,-0.5333737180340563,-0.7104138566094587,0.4591564322186966,0.8411846281700455,-0.38835622143465864,0.3762816320303406,-0.0889994283181034,0.5869340658117145,0.8047282175671366
0.2202011350055205,0.9483775574302266,0.2282355553040716,0.8221872326068321,0.4041214551094059,0.400866566401559,0.8344455394986076,0.370911285432064,0.4075849113375174,0.4448933745285136,-0.0169262895856036,-0.8954235791073943,-0.3252238104928818,0.9285140381598967,-0.1791400402715484,-0.0184267461299896,0.0012784823775291,0.0621209144592285,0.008123307995541,0.0169698727702252,0.0762259830817118,20241009_1710_f_lamina006.txt,0.8344455394986076,0.4075849113375174,0.370911285432064,-0.4448933745285135,0.8954235791073946,0.016926289585603715,-0.3252238104928818,-0.1791400402715484,0.9285140381598967
0.1716989104252117,0.9549483875003884,0.242060036704126,0.8051069874989788,0.0680159759669181,0.5892169088659853,0.840965867778283,-0.0662168301192084,0.5370211733636614,-0.5103801337450868,-0.4266684573598093,0.7466365558774549,-0.1796900896272998,0.9019807974137612,0.3926093641096306,-0.0250185430049896,0.0369230136275291,0.0655388832092285,-0.0072871837172989,0.03878421564363,0.0789904451283858,20241009_1710_f_lamina007.txt,0.840965867778283,0.5370211733636614,-0.0662168301192084,-0.5103801337450868,0.7466365558774551,-0.4266684573598094,-0.1796900896272998,0.3926093641096306,0.9019807974137612
-0.0755094306855167,0.9970557327073029,0.013348848379265,-0.4526552958588313,0.7355221266667946,-0.5040936265362912,-0.5893213354425851,0.5285312520602055,-0.6110278874060003,0.6837563537833475,-0.0765532370585247,-0.7256837124786273,0.430322683869988,0.8454550948995062,0.316272145873451,-0.0360048711299896,0.0242277011275291,0.0538201332092285,-0.0482253236116131,0.0426020143080331,0.04379571983476,20241009_1710_f_lamina008.txt,-0.5893213354425851,-0.6110278874060003,0.5285312520602055,0.6837563537833479,-0.7256837124786273,-0.07655323705852468,0.430322683869988,0.316272145873451,0.8454550948995062
-0.1464150526603181,0.9072814365034844,-0.3942119066322708,-0.1228300914552164,0.9858324338757648,-0.114224257282281,-0.2972371083543665,0.8649613563562735,-0.4043413822841417,0.8479230363765046,0.0444407408249904,-0.5282532961913017,0.4389494569983924,0.4998668548376078,0.746630096925897,-0.0163788273930549,0.0187059268355369,-0.0332570075988769,-0.0208593449662494,0.053728626860586,-0.0434346354055994,20241009_1715_g_lamina001.txt,-0.2972371083543665,-0.4043413822841417,0.8649613563562735,0.8479230363765047,-0.5282532961913017,0.04444074082499064,0.43894945699839244,0.7466300969258971,0.49986685483760784
0.44691722055561,0.8745024729134215,0.188442094127503,0.8694444047394447,0.4431540391973806,0.2183596222068512,0.9664978339570066,0.1549309862405024,0.2046419469682587,-0.1889657332300897,-0.1100724314334376,0.9757950663449504,-0.1737063286735084,0.9817741335668182,0.0771081191438011,0.012918047606945,-0.007172979414463,0.010688304901123,0.0433780091319429,0.0048023483871918,0.0139761987433636,20241009_1715_g_lamina002.txt,0.9664978339570067,0.20464194696825871,0.15493098624050242,-0.1889657332300897,0.9757950663449504,-0.11007243143343759,-0.1737063286735084,0.0771081191438011,0.9817741335668182
